1080,4
1080,3
1080,2
1080,1
1080,0
1079,3
1079,2
1079,1
1079,0
1078,4
1078,3
1078,2
1078,1
1078,0
1077,4
1077,3
1077,2
1077,1
1077,0
1076,4
1076,3
1076,2
1076,1
1076,0
1075,6
1075,5
1075,4
1075,3
1075,2
1075,1
1075,0
1074,6
1074,5
1074,4
1074,3
1074,2
1074,1
1074,0
1073,6
1073,5
1073,4
1073,3
1073,2
1073,1
1073,0
1072,4
1072,3
1072,2
1072,1
1072,0
1071,3
1071,2
1071,1
1071,0
1070,3
1070,2
1070,1
1070,0
1069,4
1069,3
1069,2
1069,1
1069,0
1068,4
1068,3
1068,2
1068,1
1068,0
1067,4
1067,3
1067,2
1067,1
1067,0
1066,4
1066,3
1066,2
1066,1
1066,0
1065,4
1065,3
1065,2
1065,1
1065,0
1064,4
1064,3
1064,2
1064,1
1064,0
1063,4
1063,3
1063,2
1063,1
1063,0
1062,3
1062,2
1062,1
1062,0
1061,4
1061,3
1061,2
1061,1
1061,0
1060,3
1060,2
1060,1
1060,0
1059,3
1059,2
1059,1
1059,0
1058,5
1058,4
1058,3
1058,2
1058,1
1058,0
1057,3
1057,2
1057,1
1057,0
1056,4
1056,3
1056,2
1056,1
1056,0
1055,3
1055,2
1055,1
1055,0
1054,4
1054,3
1054,2
1054,1
1054,0
1053,3
1053,2
1053,1
1053,0
1052,4
1052,3
1052,2
1052,1
1052,0
1051,4
1051,3
1051,2
1051,1
1051,0
1050,4
1050,3
1050,2
1050,1
1050,0
1049,6
1049,5
1049,4
1049,3
1049,2
1049,1
1049,0
1048,6
1048,5
1048,4
1048,3
1048,2
1048,1
1048,0
1047,6
1047,5
1047,4
1047,3
1047,2
1047,1
1047,0
1046,4
1046,3
1046,2
1046,1
1046,0
1045,3
1045,2
1045,1
1045,0
1044,3
1044,2
1044,1
1044,0
1043,4
1043,3
1043,2
1043,1
1043,0
1042,4
1042,3
1042,2
1042,1
1042,0
1041,4
1041,3
1041,2
1041,1
1041,0
1040,4
1040,3
1040,2
1040,1
1040,0
1039,4
1039,3
1039,2
1039,1
1039,0
1038,4
1038,3
1038,2
1038,1
1038,0
1037,4
1037,3
1037,2
1037,1
1037,0
1036,3
1036,2
1036,1
1036,0
1035,4
1035,3
1035,2
1035,1
1035,0
1034,3
1034,2
1034,1
1034,0
1033,3
1033,2
1033,1
1033,0
1032,5
1032,4
1032,3
1032,2
1032,1
1032,0
1031,3
1031,2
1031,1
1031,0
1030,4
1030,3
1030,2
1030,1
1030,0
1029,7
1029,6
1029,5
1029,4
1029,3
1029,2
1029,1
1029,0
1028,7
1028,6
1028,5
1028,4
1028,3
1028,2
1028,1
1028,0
1027,5
1027,4
1027,3
1027,2
1027,1
1027,0
1026,4
1026,3
1026,2
1026,1
1026,0
1025,3
1025,2
1025,1
1025,0
1024,4
1024,3
1024,2
1024,1
1024,0
1023,4
1023,3
1023,2
1023,1
1023,0
1022,4
1022,3
1022,2
1022,1
1022,0
1021,6
1021,5
1021,4
1021,3
1021,2
1021,1
1021,0
1020,6
1020,5
1020,4
1020,3
1020,2
1020,1
1020,0
1019,6
1019,5
1019,4
1019,3
1019,2
1019,1
1019,0
1018,4
1018,3
1018,2
1018,1
1018,0
1017,3
1017,2
1017,1
1017,0
1016,3
1016,2
1016,1
1016,0
1015,4
1015,3
1015,2
1015,1
1015,0
1014,4
1014,3
1014,2
1014,1
1014,0
1013,4
1013,3
1013,2
1013,1
1013,0
1012,4
1012,3
1012,2
1012,1
1012,0
1011,4
1011,3
1011,2
1011,1
1011,0
1010,4
1010,3
1010,2
1010,1
1010,0
1009,4
1009,3
1009,2
1009,1
1009,0
1008,3
1008,2
1008,1
1008,0
1007,4
1007,3
1007,2
1007,1
1007,0
1006,3
1006,2
1006,1
1006,0
1005,3
1005,2
1005,1
1005,0
1004,5
1004,4
1004,3
1004,2
1004,1
1004,0
1003,3
1003,2
1003,1
1003,0
1002,4
1002,3
1002,2
1002,1
1002,0
1001,3
1001,2
1001,1
1001,0
1000,4
1000,3
1000,2
1000,1
1000,0
999,3
999,2
999,1
999,0
998,4
998,3
998,2
998,1
998,0
997,4
997,3
997,2
997,1
997,0
996,4
996,3
996,2
996,1
996,0
995,6
995,5
995,4
995,3
995,2
995,1
995,0
994,6
994,5
994,4
994,3
994,2
994,1
994,0
993,6
993,5
993,4
993,3
993,2
993,1
993,0
992,4
992,3
992,2
992,1
992,0
991,3
991,2
991,1
991,0
990,3
990,2
990,1
990,0
989,4
989,3
989,2
989,1
989,0
988,4
988,3
988,2
988,1
988,0
987,4
987,3
987,2
987,1
987,0
986,4
986,3
986,2
986,1
986,0
985,4
985,3
985,2
985,1
985,0
984,4
984,3
984,2
984,1
984,0
983,4
983,3
983,2
983,1
983,0
982,3
982,2
982,1
982,0
981,4
981,3
981,2
981,1
981,0
980,3
980,2
980,1
980,0
979,3
979,2
979,1
979,0
978,5
978,4
978,3
978,2
978,1
978,0
977,3
977,2
977,1
977,0
976,4
976,3
976,2
976,1
976,0
975,3
975,2
975,1
975,0
974,4
974,3
974,2
974,1
974,0
973,3
973,2
973,1
973,0
972,4
972,3
972,2
972,1
972,0
971,4
971,3
971,2
971,1
971,0
970,4
970,3
970,2
970,1
970,0
969,6
969,5
969,4
969,3
969,2
969,1
969,0
968,6
968,5
968,4
968,3
968,2
968,1
968,0
967,6
967,5
967,4
967,3
967,2
967,1
967,0
966,4
966,3
966,2
966,1
966,0
965,3
965,2
965,1
965,0
964,3
964,2
964,1
964,0
963,4
963,3
963,2
963,1
963,0
962,4
962,3
962,2
962,1
962,0
961,4
961,3
961,2
961,1
961,0
960,4
960,3
960,2
960,1
960,0
959,4
959,3
959,2
959,1
959,0
958,4
958,3
958,2
958,1
958,0
957,4
957,3
957,2
957,1
957,0
956,3
956,2
956,1
956,0
955,4
955,3
955,2
955,1
955,0
954,3
954,2
954,1
954,0
953,3
953,2
953,1
953,0
952,5
952,4
952,3
952,2
952,1
952,0
951,3
951,2
951,1
951,0
950,4
950,3
950,2
950,1
950,0
949,3
949,2
949,1
949,0
948,4
948,3
948,2
948,1
948,0
947,3
947,2
947,1
947,0
946,4
946,3
946,2
946,1
946,0
945,4
945,3
945,2
945,1
945,0
944,4
944,3
944,2
944,1
944,0
943,6
943,5
943,4
943,3
943,2
943,1
943,0
942,6
942,5
942,4
942,3
942,2
942,1
942,0
941,6
941,5
941,4
941,3
941,2
941,1
941,0
940,4
940,3
940,2
940,1
940,0
939,3
939,2
939,1
939,0
938,3
938,2
938,1
938,0
937,4
937,3
937,2
937,1
937,0
936,4
936,3
936,2
936,1
936,0
935,4
935,3
935,2
935,1
935,0
934,4
934,3
934,2
934,1
934,0
933,4
933,3
933,2
933,1
933,0
932,4
932,3
932,2
932,1
932,0
931,4
931,3
931,2
931,1
931,0
930,3
930,2
930,1
930,0
929,4
929,3
929,2
929,1
929,0
928,3
928,2
928,1
928,0
927,3
927,2
927,1
927,0
926,5
926,4
926,3
926,2
926,1
926,0
925,3
925,2
925,1
925,0
924,4
924,3
924,2
924,1
924,0
923,3
923,2
923,1
923,0
922,4
922,3
922,2
922,1
922,0
921,3
921,2
921,1
921,0
920,4
920,3
920,2
920,1
920,0
919,4
919,3
919,2
919,1
919,0
918,4
918,3
918,2
918,1
918,0
917,6
917,5
917,4
917,3
917,2
917,1
917,0
916,6
916,5
916,4
916,3
916,2
916,1
916,0
915,6
915,5
915,4
915,3
915,2
915,1
915,0
914,4
914,3
914,2
914,1
914,0
913,3
913,2
913,1
913,0
912,3
912,2
912,1
912,0
911,4
911,3
911,2
911,1
911,0
910,4
910,3
910,2
910,1
910,0
909,4
909,3
909,2
909,1
909,0
908,4
908,3
908,2
908,1
908,0
907,4
907,3
907,2
907,1
907,0
906,4
906,3
906,2
906,1
906,0
905,4
905,3
905,2
905,1
905,0
904,3
904,2
904,1
904,0
903,4
903,3
903,2
903,1
903,0
902,3
902,2
902,1
902,0
901,3
901,2
901,1
901,0
900,5
900,4
900,3
900,2
900,1
900,0
899,3
899,2
899,1
899,0
898,4
898,3
898,2
898,1
898,0
897,3
897,2
897,1
897,0
896,4
896,3
896,2
896,1
896,0
895,3
895,2
895,1
895,0
894,4
894,3
894,2
894,1
894,0
893,4
893,3
893,2
893,1
893,0
892,4
892,3
892,2
892,1
892,0
891,6
891,5
891,4
891,3
891,2
891,1
891,0
890,6
890,5
890,4
890,3
890,2
890,1
890,0
889,6
889,5
889,4
889,3
889,2
889,1
889,0
888,4
888,3
888,2
888,1
888,0
887,3
887,2
887,1
887,0
886,3
886,2
886,1
886,0
885,4
885,3
885,2
885,1
885,0
884,4
884,3
884,2
884,1
884,0
883,4
883,3
883,2
883,1
883,0
882,4
882,3
882,2
882,1
882,0
881,4
881,3
881,2
881,1
881,0
880,4
880,3
880,2
880,1
880,0
879,4
879,3
879,2
879,1
879,0
878,3
878,2
878,1
878,0
877,4
877,3
877,2
877,1
877,0
876,3
876,2
876,1
876,0
875,3
875,2
875,1
875,0
874,5
874,4
874,3
874,2
874,1
874,0
873,3
873,2
873,1
873,0
872,4
872,3
872,2
872,1
872,0
871,3
871,2
871,1
871,0
870,4
870,3
870,2
870,1
870,0
869,3
869,2
869,1
869,0
868,4
868,3
868,2
868,1
868,0
867,4
867,3
867,2
867,1
867,0
866,4
866,3
866,2
866,1
866,0
865,6
865,5
865,4
865,3
865,2
865,1
865,0
864,6
864,5
864,4
864,3
864,2
864,1
864,0
863,6
863,5
863,4
863,3
863,2
863,1
863,0
862,4
862,3
862,2
862,1
862,0
861,3
861,2
861,1
861,0
860,3
860,2
860,1
860,0
859,4
859,3
859,2
859,1
859,0
858,4
858,3
858,2
858,1
858,0
857,4
857,3
857,2
857,1
857,0
856,4
856,3
856,2
856,1
856,0
855,4
855,3
855,2
855,1
855,0
854,4
854,3
854,2
854,1
854,0
853,4
853,3
853,2
853,1
853,0
852,3
852,2
852,1
852,0
851,4
851,3
851,2
851,1
851,0
850,3
850,2
850,1
850,0
849,3
849,2
849,1
849,0
848,5
848,4
848,3
848,2
848,1
848,0
847,3
847,2
847,1
847,0
846,4
846,3
846,2
846,1
846,0
845,3
845,2
845,1
845,0
844,4
844,3
844,2
844,1
844,0
843,3
843,2
843,1
843,0
842,4
842,3
842,2
842,1
842,0
841,4
841,3
841,2
841,1
841,0
840,4
840,3
840,2
840,1
840,0
839,6
839,5
839,4
839,3
839,2
839,1
839,0
838,6
838,5
838,4
838,3
838,2
838,1
838,0
837,6
837,5
837,4
837,3
837,2
837,1
837,0
836,4
836,3
836,2
836,1
836,0
835,3
835,2
835,1
835,0
834,3
834,2
834,1
834,0
833,4
833,3
833,2
833,1
833,0
832,4
832,3
832,2
832,1
832,0
831,4
831,3
831,2
831,1
831,0
830,4
830,3
830,2
830,1
830,0
829,4
829,3
829,2
829,1
829,0
828,4
828,3
828,2
828,1
828,0
827,4
827,3
827,2
827,1
827,0
826,3
826,2
826,1
826,0
825,4
825,3
825,2
825,1
825,0
824,3
824,2
824,1
824,0
823,3
823,2
823,1
823,0
822,5
822,4
822,3
822,2
822,1
822,0
821,3
821,2
821,1
821,0
820,4
820,3
820,2
820,1
820,0
819,3
819,2
819,1
819,0
818,4
818,3
818,2
818,1
818,0
817,3
817,2
817,1
817,0
816,4
816,3
816,2
816,1
816,0
815,4
815,3
815,2
815,1
815,0
814,4
814,3
814,2
814,1
814,0
813,6
813,5
813,4
813,3
813,2
813,1
813,0
812,6
812,5
812,4
812,3
812,2
812,1
812,0
811,6
811,5
811,4
811,3
811,2
811,1
811,0
810,4
810,3
810,2
810,1
810,0
809,3
809,2
809,1
809,0
808,3
808,2
808,1
808,0
807,4
807,3
807,2
807,1
807,0
806,4
806,3
806,2
806,1
806,0
805,4
805,3
805,2
805,1
805,0
804,4
804,3
804,2
804,1
804,0
803,4
803,3
803,2
803,1
803,0
802,4
802,3
802,2
802,1
802,0
801,4
801,3
801,2
801,1
801,0
800,3
800,2
800,1
800,0
799,4
799,3
799,2
799,1
799,0
798,3
798,2
798,1
798,0
797,3
797,2
797,1
797,0
796,5
796,4
796,3
796,2
796,1
796,0
795,3
795,2
795,1
795,0
794,4
794,3
794,2
794,1
794,0
793,3
793,2
793,1
793,0
792,4
792,3
792,2
792,1
792,0
791,3
791,2
791,1
791,0
790,4
790,3
790,2
790,1
790,0
789,4
789,3
789,2
789,1
789,0
788,4
788,3
788,2
788,1
788,0
787,6
787,5
787,4
787,3
787,2
787,1
787,0
786,6
786,5
786,4
786,3
786,2
786,1
786,0
785,6
785,5
785,4
785,3
785,2
785,1
785,0
784,4
784,3
784,2
784,1
784,0
783,3
783,2
783,1
783,0
782,3
782,2
782,1
782,0
781,4
781,3
781,2
781,1
781,0
780,4
780,3
780,2
780,1
780,0
779,4
779,3
779,2
779,1
779,0
778,4
778,3
778,2
778,1
778,0
777,4
777,3
777,2
777,1
777,0
776,4
776,3
776,2
776,1
776,0
775,4
775,3
775,2
775,1
775,0
774,3
774,2
774,1
774,0
773,4
773,3
773,2
773,1
773,0
772,3
772,2
772,1
772,0
771,3
771,2
771,1
771,0
770,5
770,4
770,3
770,2
770,1
770,0
769,3
769,2
769,1
769,0
768,4
768,3
768,2
768,1
768,0
767,3
767,2
767,1
767,0
766,4
766,3
766,2
766,1
766,0
765,3
765,2
765,1
765,0
764,4
764,3
764,2
764,1
764,0
763,4
763,3
763,2
763,1
763,0
762,4
762,3
762,2
762,1
762,0
761,6
761,5
761,4
761,3
761,2
761,1
761,0
760,6
760,5
760,4
760,3
760,2
760,1
760,0
759,6
759,5
759,4
759,3
759,2
759,1
759,0
758,4
758,3
758,2
758,1
758,0
757,3
757,2
757,1
757,0
756,3
756,2
756,1
756,0
755,4
755,3
755,2
755,1
755,0
754,4
754,3
754,2
754,1
754,0
753,4
753,3
753,2
753,1
753,0
752,4
752,3
752,2
752,1
752,0
751,4
751,3
751,2
751,1
751,0
750,4
750,3
750,2
750,1
750,0
749,4
749,3
749,2
749,1
749,0
748,3
748,2
748,1
748,0
747,4
747,3
747,2
747,1
747,0
746,3
746,2
746,1
746,0
745,3
745,2
745,1
745,0
744,5
744,4
744,3
744,2
744,1
744,0
743,3
743,2
743,1
743,0
742,4
742,3
742,2
742,1
742,0
741,3
741,2
741,1
741,0
740,4
740,3
740,2
740,1
740,0
739,3
739,2
739,1
739,0
738,4
738,3
738,2
738,1
738,0
737,4
737,3
737,2
737,1
737,0
736,4
736,3
736,2
736,1
736,0
735,6
735,5
735,4
735,3
735,2
735,1
735,0
734,6
734,5
734,4
734,3
734,2
734,1
734,0
733,6
733,5
733,4
733,3
733,2
733,1
733,0
732,4
732,3
732,2
732,1
732,0
731,3
731,2
731,1
731,0
730,3
730,2
730,1
730,0
729,4
729,3
729,2
729,1
729,0
728,4
728,3
728,2
728,1
728,0
727,4
727,3
727,2
727,1
727,0
726,4
726,3
726,2
726,1
726,0
725,4
725,3
725,2
725,1
725,0
724,4
724,3
724,2
724,1
724,0
723,4
723,3
723,2
723,1
723,0
722,3
722,2
722,1
722,0
721,4
721,3
721,2
721,1
721,0
720,3
720,2
720,1
720,0
719,3
719,2
719,1
719,0
718,5
718,4
718,3
718,2
718,1
718,0
717,3
717,2
717,1
717,0
716,4
716,3
716,2
716,1
716,0
715,3
715,2
715,1
715,0
714,4
714,3
714,2
714,1
714,0
713,3
713,2
713,1
713,0
712,4
712,3
712,2
712,1
712,0
711,4
711,3
711,2
711,1
711,0
710,4
710,3
710,2
710,1
710,0
709,6
709,5
709,4
709,3
709,2
709,1
709,0
708,6
708,5
708,4
708,3
708,2
708,1
708,0
707,6
707,5
707,4
707,3
707,2
707,1
707,0
706,4
706,3
706,2
706,1
706,0
705,3
705,2
705,1
705,0
704,3
704,2
704,1
704,0
703,4
703,3
703,2
703,1
703,0
702,4
702,3
702,2
702,1
702,0
701,4
701,3
701,2
701,1
701,0
700,4
700,3
700,2
700,1
700,0
699,4
699,3
699,2
699,1
699,0
698,4
698,3
698,2
698,1
698,0
697,4
697,3
697,2
697,1
697,0
696,3
696,2
696,1
696,0
695,4
695,3
695,2
695,1
695,0
694,3
694,2
694,1
694,0
693,3
693,2
693,1
693,0
692,5
692,4
692,3
692,2
692,1
692,0
691,3
691,2
691,1
691,0
690,4
690,3
690,2
690,1
690,0
689,3
689,2
689,1
689,0
688,4
688,3
688,2
688,1
688,0
687,3
687,2
687,1
687,0
686,4
686,3
686,2
686,1
686,0
685,4
685,3
685,2
685,1
685,0
684,4
684,3
684,2
684,1
684,0
683,6
683,5
683,4
683,3
683,2
683,1
683,0
682,6
682,5
682,4
682,3
682,2
682,1
682,0
681,6
681,5
681,4
681,3
681,2
681,1
681,0
680,4
680,3
680,2
680,1
680,0
679,3
679,2
679,1
679,0
678,3
678,2
678,1
678,0
677,4
677,3
677,2
677,1
677,0
676,4
676,3
676,2
676,1
676,0
675,4
675,3
675,2
675,1
675,0
674,4
674,3
674,2
674,1
674,0
673,4
673,3
673,2
673,1
673,0
672,4
672,3
672,2
672,1
672,0
671,4
671,3
671,2
671,1
671,0
670,3
670,2
670,1
670,0
669,4
669,3
669,2
669,1
669,0
668,3
668,2
668,1
668,0
667,3
667,2
667,1
667,0
666,5
666,4
666,3
666,2
666,1
666,0
665,3
665,2
665,1
665,0
664,4
664,3
664,2
664,1
664,0
663,3
663,2
663,1
663,0
662,4
662,3
662,2
662,1
662,0
661,3
661,2
661,1
661,0
660,4
660,3
660,2
660,1
660,0
659,4
659,3
659,2
659,1
659,0
658,4
658,3
658,2
658,1
658,0
657,6
657,5
657,4
657,3
657,2
657,1
657,0
656,6
656,5
656,4
656,3
656,2
656,1
656,0
655,6
655,5
655,4
655,3
655,2
655,1
655,0
654,4
654,3
654,2
654,1
654,0
653,3
653,2
653,1
653,0
652,3
652,2
652,1
652,0
651,4
651,3
651,2
651,1
651,0
650,4
650,3
650,2
650,1
650,0
649,4
649,3
649,2
649,1
649,0
648,4
648,3
648,2
648,1
648,0
647,4
647,3
647,2
647,1
647,0
646,4
646,3
646,2
646,1
646,0
645,4
645,3
645,2
645,1
645,0
644,3
644,2
644,1
644,0
643,4
643,3
643,2
643,1
643,0
642,3
642,2
642,1
642,0
641,3
641,2
641,1
641,0
640,5
640,4
640,3
640,2
640,1
640,0
639,3
639,2
639,1
639,0
638,4
638,3
638,2
638,1
638,0
637,3
637,2
637,1
637,0
636,4
636,3
636,2
636,1
636,0
635,3
635,2
635,1
635,0
634,4
634,3
634,2
634,1
634,0
633,4
633,3
633,2
633,1
633,0
632,4
632,3
632,2
632,1
632,0
631,6
631,5
631,4
631,3
631,2
631,1
631,0
630,6
630,5
630,4
630,3
630,2
630,1
630,0
629,6
629,5
629,4
629,3
629,2
629,1
629,0
628,4
628,3
628,2
628,1
628,0
627,3
627,2
627,1
627,0
626,3
626,2
626,1
626,0
625,4
625,3
625,2
625,1
625,0
624,4
624,3
624,2
624,1
624,0
623,4
623,3
623,2
623,1
623,0
622,4
622,3
622,2
622,1
622,0
621,4
621,3
621,2
621,1
621,0
620,4
620,3
620,2
620,1
620,0
619,4
619,3
619,2
619,1
619,0
618,3
618,2
618,1
618,0
617,4
617,3
617,2
617,1
617,0
616,3
616,2
616,1
616,0
615,3
615,2
615,1
615,0
614,5
614,4
614,3
614,2
614,1
614,0
613,3
613,2
613,1
613,0
612,4
612,3
612,2
612,1
612,0
611,3
611,2
611,1
611,0
610,4
610,3
610,2
610,1
610,0
609,3
609,2
609,1
609,0
608,4
608,3
608,2
608,1
608,0
607,4
607,3
607,2
607,1
607,0
606,4
606,3
606,2
606,1
606,0
605,6
605,5
605,4
605,3
605,2
605,1
605,0
604,6
604,5
604,4
604,3
604,2
604,1
604,0
603,6
603,5
603,4
603,3
603,2
603,1
603,0
602,4
602,3
602,2
602,1
602,0
601,3
601,2
601,1
601,0
600,3
600,2
600,1
600,0
599,4
599,3
599,2
599,1
599,0
598,4
598,3
598,2
598,1
598,0
597,4
597,3
597,2
597,1
597,0
596,4
596,3
596,2
596,1
596,0
595,4
595,3
595,2
595,1
595,0
594,4
594,3
594,2
594,1
594,0
593,4
593,3
593,2
593,1
593,0
592,3
592,2
592,1
592,0
591,4
591,3
591,2
591,1
591,0
590,3
590,2
590,1
590,0
589,3
589,2
589,1
589,0
588,5
588,4
588,3
588,2
588,1
588,0
587,3
587,2
587,1
587,0
586,4
586,3
586,2
586,1
586,0
585,3
585,2
585,1
585,0
584,4
584,3
584,2
584,1
584,0
583,3
583,2
583,1
583,0
582,4
582,3
582,2
582,1
582,0
581,4
581,3
581,2
581,1
581,0
580,4
580,3
580,2
580,1
580,0
579,6
579,5
579,4
579,3
579,2
579,1
579,0
578,6
578,5
578,4
578,3
578,2
578,1
578,0
577,6
577,5
577,4
577,3
577,2
577,1
577,0
576,4
576,3
576,2
576,1
576,0
575,3
575,2
575,1
575,0
574,3
574,2
574,1
574,0
573,4
573,3
573,2
573,1
573,0
572,4
572,3
572,2
572,1
572,0
571,4
571,3
571,2
571,1
571,0
570,4
570,3
570,2
570,1
570,0
569,4
569,3
569,2
569,1
569,0
568,4
568,3
568,2
568,1
568,0
567,4
567,3
567,2
567,1
567,0
566,3
566,2
566,1
566,0
565,4
565,3
565,2
565,1
565,0
564,3
564,2
564,1
564,0
563,3
563,2
563,1
563,0
562,5
562,4
562,3
562,2
562,1
562,0
561,3
561,2
561,1
561,0
560,4
560,3
560,2
560,1
560,0
559,3
559,2
559,1
559,0
558,4
558,3
558,2
558,1
558,0
557,3
557,2
557,1
557,0
556,4
556,3
556,2
556,1
556,0
555,4
555,3
555,2
555,1
555,0
554,4
554,3
554,2
554,1
554,0
553,6
553,5
553,4
553,3
553,2
553,1
553,0
552,6
552,5
552,4
552,3
552,2
552,1
552,0
551,6
551,5
551,4
551,3
551,2
551,1
551,0
550,4
550,3
550,2
550,1
550,0
549,3
549,2
549,1
549,0
548,3
548,2
548,1
548,0
547,4
547,3
547,2
547,1
547,0
546,4
546,3
546,2
546,1
546,0
545,4
545,3
545,2
545,1
545,0
544,4
544,3
544,2
544,1
544,0
543,4
543,3
543,2
543,1
543,0
542,4
542,3
542,2
542,1
542,0
541,4
541,3
541,2
541,1
541,0
540,3
540,2
540,1
540,0
539,4
539,3
539,2
539,1
539,0
538,3
538,2
538,1
538,0
537,3
537,2
537,1
537,0
536,5
536,4
536,3
536,2
536,1
536,0
535,3
535,2
535,1
535,0
534,4
534,3
534,2
534,1
534,0
533,3
533,2
533,1
533,0
532,4
532,3
532,2
532,1
532,0
531,3
531,2
531,1
531,0
530,4
530,3
530,2
530,1
530,0
529,4
529,3
529,2
529,1
529,0
528,4
528,3
528,2
528,1
528,0
527,6
527,5
527,4
527,3
527,2
527,1
527,0
526,6
526,5
526,4
526,3
526,2
526,1
526,0
525,6
525,5
525,4
525,3
525,2
525,1
525,0
524,4
524,3
524,2
524,1
524,0
523,3
523,2
523,1
523,0
522,3
522,2
522,1
522,0
521,4
521,3
521,2
521,1
521,0
520,4
520,3
520,2
520,1
520,0
519,4
519,3
519,2
519,1
519,0
518,4
518,3
518,2
518,1
518,0
517,4
517,3
517,2
517,1
517,0
516,4
516,3
516,2
516,1
516,0
515,4
515,3
515,2
515,1
515,0
514,3
514,2
514,1
514,0
513,4
513,3
513,2
513,1
513,0
512,3
512,2
512,1
512,0
511,3
511,2
511,1
511,0
510,5
510,4
510,3
510,2
510,1
510,0
509,3
509,2
509,1
509,0
508,4
508,3
508,2
508,1
508,0
507,3
507,2
507,1
507,0
506,4
506,3
506,2
506,1
506,0
505,3
505,2
505,1
505,0
504,4
504,3
504,2
504,1
504,0
503,4
503,3
503,2
503,1
503,0
502,4
502,3
502,2
502,1
502,0
501,6
501,5
501,4
501,3
501,2
501,1
501,0
500,6
500,5
500,4
500,3
500,2
500,1
500,0
499,6
499,5
499,4
499,3
499,2
499,1
499,0
498,4
498,3
498,2
498,1
498,0
497,3
497,2
497,1
497,0
496,3
496,2
496,1
496,0
495,4
495,3
495,2
495,1
495,0
494,4
494,3
494,2
494,1
494,0
493,4
493,3
493,2
493,1
493,0
492,4
492,3
492,2
492,1
492,0
491,4
491,3
491,2
491,1
491,0
490,4
490,3
490,2
490,1
490,0
489,4
489,3
489,2
489,1
489,0
488,3
488,2
488,1
488,0
487,4
487,3
487,2
487,1
487,0
486,3
486,2
486,1
486,0
485,3
485,2
485,1
485,0
484,5
484,4
484,3
484,2
484,1
484,0
483,3
483,2
483,1
483,0
482,4
482,3
482,2
482,1
482,0
481,3
481,2
481,1
481,0
480,4
480,3
480,2
480,1
480,0
479,3
479,2
479,1
479,0
478,4
478,3
478,2
478,1
478,0
477,4
477,3
477,2
477,1
477,0
476,4
476,3
476,2
476,1
476,0
475,6
475,5
475,4
475,3
475,2
475,1
475,0
474,6
474,5
474,4
474,3
474,2
474,1
474,0
473,6
473,5
473,4
473,3
473,2
473,1
473,0
472,4
472,3
472,2
472,1
472,0
471,3
471,2
471,1
471,0
470,3
470,2
470,1
470,0
469,4
469,3
469,2
469,1
469,0
468,4
468,3
468,2
468,1
468,0
467,4
467,3
467,2
467,1
467,0
466,4
466,3
466,2
466,1
466,0
465,4
465,3
465,2
465,1
465,0
464,4
464,3
464,2
464,1
464,0
463,4
463,3
463,2
463,1
463,0
462,3
462,2
462,1
462,0
461,4
461,3
461,2
461,1
461,0
460,3
460,2
460,1
460,0
459,3
459,2
459,1
459,0
458,5
458,4
458,3
458,2
458,1
458,0
457,3
457,2
457,1
457,0
456,4
456,3
456,2
456,1
456,0
455,3
455,2
455,1
455,0
454,4
454,3
454,2
454,1
454,0
453,3
453,2
453,1
453,0
452,4
452,3
452,2
452,1
452,0
451,4
451,3
451,2
451,1
451,0
450,4
450,3
450,2
450,1
450,0
449,6
449,5
449,4
449,3
449,2
449,1
449,0
448,6
448,5
448,4
448,3
448,2
448,1
448,0
447,6
447,5
447,4
447,3
447,2
447,1
447,0
446,4
446,3
446,2
446,1
446,0
445,3
445,2
445,1
445,0
444,3
444,2
444,1
444,0
443,4
443,3
443,2
443,1
443,0
442,4
442,3
442,2
442,1
442,0
441,4
441,3
441,2
441,1
441,0
440,4
440,3
440,2
440,1
440,0
439,4
439,3
439,2
439,1
439,0
438,4
438,3
438,2
438,1
438,0
437,4
437,3
437,2
437,1
437,0
436,3
436,2
436,1
436,0
435,4
435,3
435,2
435,1
435,0
434,3
434,2
434,1
434,0
433,3
433,2
433,1
433,0
432,5
432,4
432,3
432,2
432,1
432,0
431,3
431,2
431,1
431,0
430,4
430,3
430,2
430,1
430,0
429,3
429,2
429,1
429,0
428,4
428,3
428,2
428,1
428,0
427,3
427,2
427,1
427,0
426,4
426,3
426,2
426,1
426,0
425,4
425,3
425,2
425,1
425,0
424,4
424,3
424,2
424,1
424,0
423,6
423,5
423,4
423,3
423,2
423,1
423,0
422,6
422,5
422,4
422,3
422,2
422,1
422,0
421,6
421,5
421,4
421,3
421,2
421,1
421,0
420,4
420,3
420,2
420,1
420,0
419,3
419,2
419,1
419,0
418,3
418,2
418,1
418,0
417,4
417,3
417,2
417,1
417,0
416,4
416,3
416,2
416,1
416,0
415,4
415,3
415,2
415,1
415,0
414,4
414,3
414,2
414,1
414,0
413,4
413,3
413,2
413,1
413,0
412,4
412,3
412,2
412,1
412,0
411,4
411,3
411,2
411,1
411,0
410,3
410,2
410,1
410,0
409,4
409,3
409,2
409,1
409,0
408,3
408,2
408,1
408,0
407,3
407,2
407,1
407,0
406,5
406,4
406,3
406,2
406,1
406,0
405,3
405,2
405,1
405,0
404,4
404,3
404,2
404,1
404,0
403,3
403,2
403,1
403,0
402,4
402,3
402,2
402,1
402,0
401,3
401,2
401,1
401,0
400,4
400,3
400,2
400,1
400,0
399,4
399,3
399,2
399,1
399,0
398,4
398,3
398,2
398,1
398,0
397,6
397,5
397,4
397,3
397,2
397,1
397,0
396,6
396,5
396,4
396,3
396,2
396,1
396,0
395,6
395,5
395,4
395,3
395,2
395,1
395,0
394,4
394,3
394,2
394,1
394,0
393,3
393,2
393,1
393,0
392,3
392,2
392,1
392,0
391,4
391,3
391,2
391,1
391,0
390,4
390,3
390,2
390,1
390,0
389,4
389,3
389,2
389,1
389,0
388,4
388,3
388,2
388,1
388,0
387,4
387,3
387,2
387,1
387,0
386,4
386,3
386,2
386,1
386,0
385,4
385,3
385,2
385,1
385,0
384,3
384,2
384,1
384,0
383,4
383,3
383,2
383,1
383,0
382,3
382,2
382,1
382,0
381,3
381,2
381,1
381,0
380,5
380,4
380,3
380,2
380,1
380,0
379,3
379,2
379,1
379,0
378,4
378,3
378,2
378,1
378,0
377,3
377,2
377,1
377,0
376,4
376,3
376,2
376,1
376,0
375,3
375,2
375,1
375,0
374,4
374,3
374,2
374,1
374,0
373,4
373,3
373,2
373,1
373,0
372,4
372,3
372,2
372,1
372,0
371,6
371,5
371,4
371,3
371,2
371,1
371,0
370,6
370,5
370,4
370,3
370,2
370,1
370,0
369,6
369,5
369,4
369,3
369,2
369,1
369,0
368,4
368,3
368,2
368,1
368,0
367,3
367,2
367,1
367,0
366,3
366,2
366,1
366,0
365,4
365,3
365,2
365,1
365,0
364,4
364,3
364,2
364,1
364,0
363,4
363,3
363,2
363,1
363,0
362,4
362,3
362,2
362,1
362,0
361,4
361,3
361,2
361,1
361,0
360,4
360,3
360,2
360,1
360,0
359,4
359,3
359,2
359,1
359,0
358,3
358,2
358,1
358,0
357,4
357,3
357,2
357,1
357,0
356,3
356,2
356,1
356,0
355,3
355,2
355,1
355,0
354,5
354,4
354,3
354,2
354,1
354,0
353,3
353,2
353,1
353,0
352,4
352,3
352,2
352,1
352,0
351,3
351,2
351,1
351,0
350,4
350,3
350,2
350,1
350,0
349,3
349,2
349,1
349,0
348,4
348,3
348,2
348,1
348,0
347,4
347,3
347,2
347,1
347,0
346,4
346,3
346,2
346,1
346,0
345,6
345,5
345,4
345,3
345,2
345,1
345,0
344,6
344,5
344,4
344,3
344,2
344,1
344,0
343,6
343,5
343,4
343,3
343,2
343,1
343,0
342,4
342,3
342,2
342,1
342,0
341,3
341,2
341,1
341,0
340,3
340,2
340,1
340,0
339,4
339,3
339,2
339,1
339,0
338,4
338,3
338,2
338,1
338,0
337,4
337,3
337,2
337,1
337,0
336,4
336,3
336,2
336,1
336,0
335,4
335,3
335,2
335,1
335,0
334,4
334,3
334,2
334,1
334,0
333,4
333,3
333,2
333,1
333,0
332,3
332,2
332,1
332,0
331,4
331,3
331,2
331,1
331,0
330,3
330,2
330,1
330,0
329,3
329,2
329,1
329,0
328,5
328,4
328,3
328,2
328,1
328,0
327,3
327,2
327,1
327,0
326,4
326,3
326,2
326,1
326,0
325,3
325,2
325,1
325,0
324,3
324,2
324,1
324,0
323,4
323,3
323,2
323,1
323,0
322,4
322,3
322,2
322,1
322,0
321,4
321,3
321,2
321,1
321,0
320,6
320,5
320,4
320,3
320,2
320,1
320,0
319,6
319,5
319,4
319,3
319,2
319,1
319,0
318,6
318,5
318,4
318,3
318,2
318,1
318,0
317,4
317,3
317,2
317,1
317,0
316,3
316,2
316,1
316,0
315,3
315,2
315,1
315,0
314,4
314,3
314,2
314,1
314,0
313,4
313,3
313,2
313,1
313,0
312,4
312,3
312,2
312,1
312,0
311,4
311,3
311,2
311,1
311,0
310,4
310,3
310,2
310,1
310,0
309,4
309,3
309,2
309,1
309,0
308,4
308,3
308,2
308,1
308,0
307,3
307,2
307,1
307,0
306,4
306,3
306,2
306,1
306,0
305,3
305,2
305,1
305,0
304,3
304,2
304,1
304,0
303,5
303,4
303,3
303,2
303,1
303,0
302,3
302,2
302,1
302,0
301,4
301,3
301,2
301,1
301,0
300,3
300,2
300,1
300,0
299,3
299,2
299,1
299,0
298,4
298,3
298,2
298,1
298,0
297,4
297,3
297,2
297,1
297,0
296,4
296,3
296,2
296,1
296,0
295,6
295,5
295,4
295,3
295,2
295,1
295,0
294,6
294,5
294,4
294,3
294,2
294,1
294,0
293,6
293,5
293,4
293,3
293,2
293,1
293,0
292,4
292,3
292,2
292,1
292,0
291,3
291,2
291,1
291,0
290,3
290,2
290,1
290,0
289,4
289,3
289,2
289,1
289,0
288,4
288,3
288,2
288,1
288,0
287,4
287,3
287,2
287,1
287,0
286,4
286,3
286,2
286,1
286,0
285,4
285,3
285,2
285,1
285,0
284,4
284,3
284,2
284,1
284,0
283,4
283,3
283,2
283,1
283,0
282,3
282,2
282,1
282,0
281,4
281,3
281,2
281,1
281,0
280,3
280,2
280,1
280,0
279,3
279,2
279,1
279,0
278,5
278,4
278,3
278,2
278,1
278,0
277,3
277,2
277,1
277,0
276,4
276,3
276,2
276,1
276,0
275,3
275,2
275,1
275,0
274,3
274,2
274,1
274,0
273,4
273,3
273,2
273,1
273,0
272,4
272,3
272,2
272,1
272,0
271,4
271,3
271,2
271,1
271,0
270,6
270,5
270,4
270,3
270,2
270,1
270,0
269,6
269,5
269,4
269,3
269,2
269,1
269,0
268,6
268,5
268,4
268,3
268,2
268,1
268,0
267,4
267,3
267,2
267,1
267,0
266,3
266,2
266,1
266,0
265,3
265,2
265,1
265,0
264,4
264,3
264,2
264,1
264,0
263,4
263,3
263,2
263,1
263,0
262,4
262,3
262,2
262,1
262,0
261,4
261,3
261,2
261,1
261,0
260,4
260,3
260,2
260,1
260,0
259,4
259,3
259,2
259,1
259,0
258,4
258,3
258,2
258,1
258,0
257,3
